function res = drag_coefficients()
    %% Drag coefficient, clean configuration
    CD0 = [0.10, 0.09, 0.08, 0.07, 0.07, 0.07, 0.05, 0.05, 0.05;
           0.12, 0.10, 0.09, 0.08, 0.07, 0.07, 0.05, 0.05, 0.05;
           0.20, 0.14, 0.12, 0.10, 0.09, 0.08, 0.06, 0.06, 0.06;
           0.33, 0.23, 0.18, 0.15, 0.14, 0.12, 0.09, 0.09, 0.09;
           0.52, 0.36, 0.29, 0.23, 0.20, 0.18, 0.14, 0.14, 0.14;
           0.77, 0.54, 0.42, 0.35, 0.31, 0.29, 0.24, 0.24, 0.24;
           1.08, 0.77, 0.60, 0.51, 0.45, 0.42, 0.36, 0.36, 0.36;
           1.22, 1.03, 0.82, 0.69, 0.63, 0.60, 0.52, 0.52, 0.52;
           1.38, 1.32, 1.07, 0.90, 0.82, 0.79, 0.70, 0.70, 0.70;
           1.45, 1.43, 1.33, 1.21, 1.05, 1.02, 0.92, 0.92, 0.92];
    
    %% Drag coefficient increment, height
    CDh = [0.0072, 0.0028, 0.0026, 0.0023, 0.0018, 0.0013, 0.0010;
           0.0046, 0.0015, 0.0012, 0.0010, 0.0007, 0.0005, 0.0001;
           0.0023, 0.0007, 0.0004, 0.0002, 0.0001, 0.0000, 0.0000;
           0.0008, 0.0001, 0.0001, 0.0000, 0.0000, 0.0000, 0.0000;
           0.0000, 0.0000, 0.0000, 0.0000, 0.0000, 0.0000, 0.0000];

    %% Drag coefficient increment, left rudder deflection
    CDrl = zeros(10, 5, 9);

    % Mach = 1.2
    CDrl(:,:,1) = [0.000, 0.000, 0.000, 0.004, 0.012;
                  0.000, 0.000, 0.001, 0.005, 0.011;
                  0.000, 0.000, 0.001, 0.005, 0.011;
                  0.000, 0.000, 0.001, 0.005, 0.010;
                  0.000, 0.000, 0.002, 0.004, 0.009;
                  0.000, 0.000, 0.001, 0.004, 0.008;
                  0.000, 0.000, 0.001, 0.003, 0.006;
                  0.000, 0.000, 0.001, 0.003, 0.005;
                  0.000, 0.000, 0.001, 0.002, 0.004;
                  0.000, 0.000, 0.001, 0.002, 0.002];
    
    % Mach = 1.5
    CDrl(:,:,2) = [0.000, 0.000, 0.000, 0.004, 0.012;
                   0.000, 0.000, 0.001, 0.005, 0.011;
                   0.000, 0.000, 0.001, 0.005, 0.011;
                   0.000, 0.000, 0.001, 0.005, 0.010;
                   0.000, 0.000, 0.002, 0.004, 0.009;
                   0.000, 0.000, 0.001, 0.004, 0.008;
                   0.000, 0.000, 0.001, 0.003, 0.006;
                   0.000, 0.000, 0.001, 0.003, 0.005;
                   0.000, 0.000, 0.001, 0.002, 0.004;
                   0.000, 0.000, 0.001, 0.002, 0.002];
    
    % Mach = 2
    CDrl(:,:,3) = [0.000, 0.000, 0.000, 0.004, 0.012;
                   0.000, 0.000, 0.001, 0.005, 0.011;
                   0.000, 0.000, 0.001, 0.005, 0.011;
                   0.000, 0.000, 0.001, 0.005, 0.010;
                   0.000, 0.000, 0.002, 0.004, 0.009;
                   0.000, 0.000, 0.001, 0.004, 0.008;
                   0.000, 0.000, 0.001, 0.003, 0.006;
                   0.000, 0.000, 0.001, 0.003, 0.005;
                   0.000, 0.000, 0.001, 0.002, 0.004;
                   0.000, 0.000, 0.001, 0.002, 0.002];
    
    % Mach = 3
    CDrl(:,:,4) = [0.000, 0.000, 0.001, 0.006, 0.013;
                   0.000, 0.000, 0.001, 0.005, 0.012;
                   0.000, 0.000, 0.001, 0.005, 0.012;
                   0.000, 0.000, 0.001, 0.005, 0.011;
                   0.000, 0.000, 0.002, 0.004, 0.009;
                   0.000, 0.000, 0.001, 0.004, 0.008;
                   0.000, 0.000, 0.001, 0.003, 0.006;
                   0.000, 0.000, 0.001, 0.003, 0.005;
                   0.000, 0.000, 0.001, 0.002, 0.004;
                   0.000, 0.000, 0.001, 0.002, 0.002];

    % Mach = 5
    CDrl(:,:,5) = [0.000, 0.000, 0.001, 0.006, 0.013;
                   0.000, 0.000, 0.001, 0.005, 0.012;
                   0.000, 0.000, 0.001, 0.005, 0.012;
                   0.000, 0.000, 0.001, 0.005, 0.011;
                   0.000, 0.000, 0.002, 0.004, 0.009;
                   0.000, 0.000, 0.001, 0.004, 0.008;
                   0.000, 0.000, 0.001, 0.003, 0.006;
                   0.000, 0.000, 0.001, 0.003, 0.005;
                   0.000, 0.000, 0.001, 0.002, 0.004;
                   0.000, 0.000, 0.001, 0.002, 0.002];
    
    % Mach = 10
    CDrl(:,:,6) = [0.000, 0.000, 0.001, 0.005, 0.013;
                   0.000, 0.000, 0.000, 0.005, 0.012;
                   0.000, 0.000, 0.001, 0.005, 0.011;
                   0.000, 0.000, 0.001, 0.005, 0.011;
                   0.000, 0.000, 0.002, 0.004, 0.009;
                   0.000, 0.000, 0.001, 0.004, 0.008;
                   0.000, 0.000, 0.001, 0.003, 0.006;
                   0.000, 0.000, 0.001, 0.003, 0.005;
                   0.000, 0.000, 0.001, 0.002, 0.004;
                   0.000, 0.000, 0.001, 0.002, 0.002];
    
    % Mach = 20
    CDrl(:,:,7) = [0.000, 0.000, 0.000, 0.005, 0.012;
                   0.000, 0.000, 0.001, 0.004, 0.011;
                   0.000, 0.000, 0.001, 0.004, 0.010;
                   0.000, 0.000, 0.001, 0.004, 0.009;
                   0.000, 0.000, 0.002, 0.004, 0.008;
                   0.000, 0.000, 0.001, 0.003, 0.007;
                   0.000, 0.000, 0.001, 0.003, 0.006;
                   0.000, 0.000, 0.001, 0.003, 0.004;
                   0.000, 0.000, 0.001, 0.002, 0.003;
                   0.000, 0.000, 0.001, 0.002, 0.002];

    % Mach = 30
    CDrl(:,:,8) = [0.000, 0.000, 0.000, 0.005, 0.012;
                   0.000, 0.000, 0.001, 0.004, 0.011;
                   0.000, 0.000, 0.001, 0.004, 0.010;
                   0.000, 0.000, 0.001, 0.004, 0.009;
                   0.000, 0.000, 0.002, 0.004, 0.008;
                   0.000, 0.000, 0.001, 0.003, 0.007;
                   0.000, 0.000, 0.001, 0.003, 0.006;
                   0.000, 0.000, 0.001, 0.003, 0.004;
                   0.000, 0.000, 0.001, 0.002, 0.003;
                   0.000, 0.000, 0.001, 0.002, 0.002];

    % Mach = 40
    CDrl(:,:,9) = [0.000, 0.000, 0.000, 0.005, 0.012;
                   0.000, 0.000, 0.001, 0.004, 0.011;
                   0.000, 0.000, 0.001, 0.004, 0.010;
                   0.000, 0.000, 0.001, 0.004, 0.009;
                   0.000, 0.000, 0.002, 0.004, 0.008;
                   0.000, 0.000, 0.001, 0.003, 0.007;
                   0.000, 0.000, 0.001, 0.003, 0.006;
                   0.000, 0.000, 0.001, 0.003, 0.004;
                   0.000, 0.000, 0.001, 0.002, 0.003;
                   0.000, 0.000, 0.001, 0.002, 0.002];
    
    %% Drag coefficient increment, left elevon deflection
    CDel = zeros(10, 9, 9);

    % Mach = 1.2
    CDel(:,:,1) = [ 0.043,  0.022,  0.007, -0.002, 0.000, 0.012, 0.029, 0.051, 0.078;
                    0.027,  0.009, -0.004, -0.008, 0.000, 0.014, 0.035, 0.059, 0.086;
                    0.010, -0.005, -0.014, -0.012, 0.000, 0.017, 0.039, 0.065, 0.093;
                   -0.006, -0.019, -0.022, -0.014, 0.000, 0.020, 0.044, 0.072, 0.099;
                   -0.023, -0.031, -0.029, -0.017, 0.000, 0.024, 0.048, 0.076, 0.100;
                   -0.039, -0.037, -0.035, -0.020, 0.000, 0.024, 0.052, 0.079, 0.100;
                   -0.043, -0.040, -0.038, -0.023, 0.000, 0.026, 0.054, 0.080, 0.100;
                   -0.047, -0.042, -0.040, -0.025, 0.000, 0.027, 0.054, 0.078, 0.092;
                   -0.049, -0.045, -0.042, -0.026, 0.000, 0.028, 0.053, 0.073, 0.082;
                   -0.051, -0.047, -0.044, -0.028, 0.000, 0.027, 0.050, 0.065, 0.067];
