function res = lift_coefficients()
    %% Lift coefficient, clean configuration
    CL0 = [-0.02, -0.02, -0.03, -0.04, -0.04, -0.05, -0.05, -0.05, -0.05;
            0.27,  0.16,  0.10,  0.06,  0.05,  0.03,  0.01,  0.01,  0.01;
            0.56,  0.36,  0.26,  0.19,  0.14,  0.12,  0.07,  0.07,  0.07;
            0.86,  0.57,  0.42,  0.33,  0.26,  0.23,  0.16,  0.16,  0.16;
            1.17,  0.79,  0.60,  0.48,  0.40,  0.36,  0.28,  0.28,  0.28;
            1.31,  1.01,  0.78,  0.62,  0.54,  0.50,  0.40,  0.40,  0.40;
            1.42,  1.21,  0.94,  0.77,  0.68,  0.63,  0.53,  0.53,  0.53;
            1.49,  1.38,  1.08,  0.90,  0.80,  0.75,  0.66,  0.66,  0.66;
            1.52,  1.45,  1.20,  1.01,  0.91,  0.86,  0.77,  0.77,  0.77;
            1.54,  1.49,  1.28,  1.08,  0.99,  0.95,  0.85,  0.85,  0.85];


    %% Lift coefficient increment, body flap deflection
    CLb = zeros(10, 6, 9);
    
    % M = 1.2
    CLb(:,:,1) = [-0.054, -0.036, 0.000, 0.034, 0.044, 0.060;
                  -0.070, -0.039, 0.000, 0.017, 0.032, 0.050;
                  -0.067, -0.033, 0.000, 0.010, 0.027, 0.046;
                  -0.053, -0.016, 0.000, 0.013, 0.032, 0.052;
                  -0.037, -0.010, 0.000, 0.016, 0.035, 0.053;
                  -0.023, -0.013, 0.000, 0.017, 0.037, 0.052;
                  -0.025, -0.016, 0.000, 0.018, 0.034, 0.046;
                  -0.029, -0.017, 0.000, 0.017, 0.030, 0.036;
                  -0.031, -0.017, 0.000, 0.015, 0.023, 0.024;
                  -0.030, -0.016, 0.000, 0.011, 0.013, 0.008];

    % M = 1.5
    CLb(:,:,2) = [-0.032, -0.019, 0.000, 0.020, 0.030, 0.046;
                  -0.037, -0.021, 0.000, 0.012, 0.026, 0.045;
                  -0.037, -0.020, 0.000, 0.010, 0.027, 0.047;
                  -0.032, -0.011, 0.000, 0.013, 0.032, 0.052;
                  -0.026, -0.010, 0.000, 0.016, 0.036, 0.053;
                  -0.021, -0.013, 0.000, 0.018, 0.037, 0.052;
                  -0.025, -0.016, 0.000, 0.018, 0.035, 0.046;
                  -0.029, -0.017, 0.000, 0.018, 0.091, 0.037;
                  -0.031, -0.017, 0.000, 0.015, 0.024, 0.024;
                  -0.030, -0.016, 0.000, 0.011, 0.014, 0.008];

    % M = 2
    CLb(:,:,3) = [-0.016, -0.011, 0.000, 0.012, 0.022, 0.009;
                  -0.021, -0.012, 0.000, 0.010, 0.023, 0.041;
                  -0.022, -0.012, 0.000, 0.010, 0.026, 0.046;
                  -0.021, -0.009, 0.000, 0.013, 0.032, 0.052;
                  -0.021, -0.010, 0.000, 0.016, 0.036, 0.053;
                  -0.020, -0.013, 0.000, 0.017, 0.087, 0.052;
                  -0.025, -0.016, 0.000, 0.018, 0.035, 0.046;
                  -0.029, -0.017, 0.000, 0.017, 0.031, 0.037;
                  -0.031, -0.017, 0.000, 0.015, 0.024, 0.024;
                  -0.030, -0.016, 0.000, 0.011, 0.014, 0.008];

    % M = 3
    CLb(:,:,4) = [-0.006, -0.005, 0.000, 0.007, 0.017, 0.033;
                  -0.010, -0.006, 0.000, 0.008, 0.021, 0.040;
                  -0.012, -0.007, 0.000, 0.010, 0.026, 0.046;
                  -0.013, -0.007, 0.000, 0.014, 0.033, 0.052;
                  -0.016, -0.009, 0.000, 0.016, 0.036, 0.053;
                  -0.020, -0.013, 0.000, 0.018, 0.037, 0.052;
                  -0.025, -0.016, 0.000, 0.018, 0.035, 0.046;
                  -0.029, -0.017, 0.000, 0.018, 0.032, 0.037;
                  -0.031, -0.017, 0.000, 0.016, 0.024, 0.024;
                  -0.030, -0.016, 0.000, 0.011, 0.015, 0.009];

    % M = 5
    CLb(:,:,5) = [-0.002, -0.002, 0.000, 0.004, 0.013, 0.030;
                  -0.003, -0.003, 0.000, 0.006, 0.020, 0.038;
                  -0.006, -0.004, 0.000, 0.009, 0.026, 0.046;
                  -0.009, -0.006, 0.000, 0.013, 0.032, 0.052;
                  -0.014, -0.010, 0.000, 0.016, 0.036, 0.053;
                  -0.020, -0.013, 0.000, 0.018, 0.037, 0.052;
                  -0.025, -0.016, 0.000, 0.018, 0.035, 0.046;
                  -0.029, -0.017, 0.000, 0.017, 0.031, 0.037;
                  -0.031, -0.017, 0.000, 0.015, 0.024, 0.024;
                  -0.030, -0.016, 0.000, 0.011, 0.014, 0.008];

    % M = 10
    CLb(:,:,6) = [ 0.000,  0.000, 0.000, 0.002, 0.011, 0.028;
                  -0.001, -0.001, 0.000, 0.005, 0.020, 0.037;
                  -0.002, -0.002, 0.000, 0.010, 0.026, 0.046;
                  -0.006, -0.005, 0.000, 0.013, 0.032, 0.052;
                  -0.012, -0.009, 0.000, 0.017, 0.036, 0.054;
                  -0.019, -0.013, 0.000, 0.018, 0.037, 0.052;
                  -0.025, -0.016, 0.000, 0.019, 0.035, 0.046;
                  -0.029, -0.017, 0.000, 0.018, 0.031, 0.037;
                  -0.030, -0.016, 0.000, 0.016, 0.022, 0.023;
                  -0.030, -0.016, 0.000, 0.011, 0.015, 0.010];

    % M = 20
    CLb(:,:,7) = [ 0.000,  0.000, 0.000, 0.000, 0.004, 0.021;
                   0.000,  0.000, 0.000, 0.002, 0.014, 0.031;
                  -0.001, -0.001, 0.000, 0.007, 0.021, 0.041;
                  -0.003, -0.003, 0.000, 0.011, 0.029, 0.047;
                  -0.007, -0.007, 0.000, 0.015, 0.033, 0.052;
                  -0.014, -0.011, 0.000, 0.016, 0.036, 0.051;
                  -0.021, -0.014, 0.000, 0.018, 0.035, 0.047;
                  -0.026, -0.016, 0.000, 0.018, 0.032, 0.039;
                  -0.030, -0.017, 0.000, 0.015, 0.026, 0.027;
                  -0.030, -0.016, 0.000, 0.012, 0.017, 0.012];

    % M = 30
    CLb(:,:,8) = [ 0.000,  0.000, 0.000, 0.000, 0.004, 0.021;
                   0.000,  0.000, 0.000, 0.002, 0.014, 0.031;
                  -0.001, -0.001, 0.000, 0.007, 0.021, 0.041;
                  -0.003, -0.003, 0.000, 0.011, 0.029, 0.047;
                  -0.007, -0.007, 0.000, 0.015, 0.033, 0.052;
                  -0.014, -0.011, 0.000, 0.016, 0.036, 0.051;
                  -0.021, -0.014, 0.000, 0.018, 0.035, 0.047;
                  -0.026, -0.016, 0.000, 0.018, 0.032, 0.039;
                  -0.030, -0.017, 0.000, 0.015, 0.026, 0.027;
                  -0.030, -0.016, 0.000, 0.012, 0.017, 0.012];

    % M = 40
    CLb(:,:,9) = [ 0.000,  0.000, 0.000, 0.000, 0.004, 0.021;
                   0.000,  0.000, 0.000, 0.002, 0.014, 0.031;
                  -0.001, -0.001, 0.000, 0.007, 0.021, 0.041;
                  -0.003, -0.003, 0.000, 0.011, 0.029, 0.047;
                  -0.007, -0.007, 0.000, 0.015, 0.033, 0.052;
                  -0.014, -0.011, 0.000, 0.016, 0.036, 0.051;
                  -0.021, -0.014, 0.000, 0.018, 0.035, 0.047;
                  -0.026, -0.016, 0.000, 0.018, 0.032, 0.039;
                  -0.030, -0.017, 0.000, 0.015, 0.026, 0.027;
                  -0.030, -0.016, 0.000, 0.012, 0.017, 0.012];


    %% Lift coefficient increment, left elevon deflection
    CLel = zeros(10, 9, 9);

    % M = 1.2
    CLel(:,:,1) = [-0.089, -0.077, -0.063, -0.036, 0.000,  0.019,  0.032,  0.042,  0.046;
                   -0.095, -0.082, -0.065, -0.030, 0.000,  0.015,  0.026,  0.033,  0.033;
                   -0.096, -0.082, -0.055, -0.019, 0.000,  0.014,  0.023,  0.027,  0.023;
                   -0.096, -0.080, -0.044, -0.024, 0.000,  0.012,  0.019,  0.019,  0.011;
                   -0.095, -0.069, -0.033, -0.014, 0.000,  0.010,  0.013,  0.009, -0.004;
                   -0.092, -0.056, -0.027, -0.012, 0.000,  0.007,  0.007, -0.002, -0.020;
                   -0.079, -0.043, -0.022, -0.010, 0.000,  0.004,  0.000, -0.014, -0.033;
                   -0.063, -0.034, -0.020, -0.007, 0.000,  0.000, -0.009, -0.026, -0.051;
                   -0.047, -0.028, -0.013, -0.004, 0.000, -0.005, -0.018, -0.039, -0.065;
                   -0.034, -0.020, -0.007,  0.000, 0.000, -0.009, -0.027, -0.051, -0.079];
