function res = pitch_coefficients()
    %% Pitch coefficient, clean configuration
    Cm0 = [-0.020, -0.016, -0.013, -0.011, -0.010, -0.010, -0.007, -0.007, -0.007;
           -0.051, -0.028, -0.016, -0.008, -0.004, -0.001,  0.001,  0.001,  0.001;
           -0.067, -0.033, -0.016, -0.004,  0.003,  0.007,  0.008,  0.008,  0.008;
           -0.079, -0.036, -0.014,  0.000,  0.008,  0.012,  0.014,  0.014,  0.014;
           -0.086, -0.038, -0.013,  0.003,  0.012,  0.016,  0.017,  0.017,  0.017;
           -0.092, -0.038, -0.012,  0.005,  0.013,  0.017,  0.018,  0.018,  0.018;
           -0.095, -0.039, -0.011,  0.005,  0.013,  0.016,  0.018,  0.018,  0.018;
           -0.099, -0.040, -0.012,  0.004,  0.011,  0.014,  0.017,  0.017,  0.017;
           -0.103, -0.042, -0.014,  0.002,  0.009,  0.010,  0.014,  0.014,  0.014;
           -0.107, -0.045, -0.017, -0.002,  0.005,  0.006,  0.010,  0.010,  0.010];
    
    %% Pitch coefficient increment, body flap
    Cmb = zeros(10, 6, 9);

    % Mach = 1.2
    Cmb(:,:,1) = [0.0191, 0.0109, 0.0000, -0.0120, -0.0157, -0.0217;
                0.0179, 0.0118, 0.0000, -0.0065, -0.0116, -0.0195;
                0.0167, 0.0102, 0.0000, -0.0041, -0.0108, -0.0195;
                0.0154, 0.0049, 0.0000, -0.0053, -0.0133, -0.0234;
                0.0109, 0.0031, 0.0000, -0.0069, -0.0163, -0.0267;
                0.0073, 0.0044, 0.0000, -0.0082, -0.0185, -0.0292;
                0.0087, 0.0058, 0.0000, -0.0094, -0.0202, -0.0315;
                0.0113, 0.0068, 0.0000, -0.0103, -0.0215, -0.0325;
                0.0133, 0.0078, 0.0000, -0.0108, -0.0224, -0.0330;
                0.0152, 0.0087, 0.0000, -0.0110, -0.0217, -0.0321];

    % Mach = 1.5
    Cmb(:,:,2) = [0.0094, 0.0056, 0.0000, -0.0070, -0.0106, -0.0169;
                  0.0109, 0.0065, 0.0000, -0.0046, -0.0098, -0.0174;
                  0.0111, 0.0058, 0.0000, -0.0038, -0.0106, -0.0195;
                  0.0092, 0.0036, 0.0000, -0.0051, -0.0135, -0.0234;
                  0.0077, 0.0031, 0.0000, -0.0069, -0.0164, -0.0270;
                  0.0068, 0.0044, 0.0000, -0.0082, -0.0186, -0.0294;
                  0.0087, 0.0058, 0.0000, -0.0094, -0.0205, -0.0316;
                  0.0113, 0.0068, 0.0000, -0.0103, -0.0217, -0.0328;
                  0.0133, 0.0078, 0.0000, -0.0108, -0.0224, -0.0332;
                  0.0150, 0.0085, 0.0000, -0.0111, -0.0226, -0.0325];

    % Mach = 2
    Cmb(:,:,3) = [0.0048, 0.0029, 0.0000, -0.0046, -0.0084, -0.0147;
                  0.0058, 0.0034, 0.0000, -0.0038, -0.0089, -0.0166;
                  0.0065, 0.0036, 0.0000, -0.0038, -0.0106, -0.0195;
                  0.0060, 0.0025, 0.0000, -0.0055, -0.0135, -0.0236;
                  0.0061, 0.0031, 0.0000, -0.0069, -0.0164, -0.0267;
                  0.0066, 0.0044, 0.0000, -0.0082, -0.0185, -0.0294;
                  0.0089, 0.0058, 0.0000, -0.0094, -0.0204, -0.0315;
                  0.0113, 0.0068, 0.0000, -0.0103, -0.0215, -0.0325;
                  0.0133, 0.0078, 0.0000, -0.0108, -0.0224, -0.0330;
                  0.0150, 0.0087, 0.0000, -0.0111, -0.0224, -0.0323];

    % Mach = 3
    Cmb(:,:,4) = [0.0017, 0.0012, 0.0000, -0.0028, -0.0065, -0.0128;
                  0.0025, 0.0017, 0.0000, -0.0029, -0.0082, -0.0159;
                  0.0034, 0.0020, 0.0000, -0.0038, -0.0104, -0.0195;
                  0.0039, 0.0022, 0.0000, -0.0053, -0.0135, -0.0233;
                  0.0049, 0.0029, 0.0000, -0.0069, -0.0164, -0.0268;
                  0.0065, 0.0044, 0.0000, -0.0082, -0.0186, -0.0296;
                  0.0089, 0.0058, 0.0000, -0.0094, -0.0205, -0.0318;
                  0.0113, 0.0068, 0.0000, -0.0103, -0.0215, -0.0328;
                  0.0133, 0.0078, 0.0000, -0.0110, -0.0226, -0.0332;
                  0.0160, 0.0089, 0.0000, -0.0113, -0.0226, -0.0325];

    % Mach = 5
    Cmb(:,:,5) = [0.0003, 0.0003, 0.0000, -0.0017, -0.0051, -0.0116;
                  0.0007, 0.0007, 0.0000, -0.0024, -0.0075, -0.0151;
                  0.0013, 0.0010, 0.0000, -0.0038, -0.0106, -0.0192;
                  0.0027, 0.0017, 0.0000, -0.0055, -0.0133, -0.0236;
                  0.0041, 0.0031, 0.0000, -0.0069, -0.0164, -0.0267;
                  0.0065, 0.0044, 0.0000, -0.0082, -0.0185, -0.0294;
                  0.0089, 0.0058, 0.0000, -0.0092, -0.0205, -0.0315;
                  0.0113, 0.0068, 0.0000, -0.0103, -0.0215, -0.0325;
                  0.0133, 0.0078, 0.0000, -0.0110, -0.0222, -0.0332;
                  0.0150, 0.0085, 0.0000, -0.0110, -0.0222, -0.0321];

    % Mach = 10
    Cmb(:,:,6) = [0.0000, 0.0000, 0.0000, -0.0014, -0.0048, -0.0113;
                  0.0000, 0.0000, 0.0000, -0.0024, -0.0075, -0.0154;
                  0.0003, 0.0003, 0.0000, -0.0038, -0.0106, -0.0195;
                  0.0017, 0.0013, 0.0000, -0.0055, -0.0137, -0.0236;
                  0.0037, 0.0031, 0.0000, -0.0069, -0.0164, -0.0270;
                  0.0061, 0.0044, 0.0000, -0.0082, -0.0185, -0.0294;
                  0.0089, 0.0058, 0.0000, -0.0096, -0.0205, -0.0318;
                  0.0113, 0.0068, 0.0000, -0.0103, -0.0219, -0.0328;
                  0.0133, 0.0078, 0.0000, -0.0110, -0.0226, -0.0332;
                  0.0150, 0.0089, 0.0000, -0.0110, -0.0226, -0.0325];

    % Mach = 20
    Cmb(:,:,7) = [0.0000, 0.0000, 0.0000,  0.0000, -0.0031, -0.0086;
                  0.0000, 0.0000, 0.0000, -0.0014, -0.0055, -0.0127;
                  0.0000, 0.0000, 0.0000, -0.0028, -0.0089, -0.0168;
                  0.0007, 0.0007, 0.0000, -0.0045, -0.0120, -0.0215;
                  0.0020, 0.0020, 0.0000, -0.0062, -0.0151, -0.0253;
                  0.0044, 0.0034, 0.0000, -0.0075, -0.0174, -0.0284;
                  0.0075, 0.0051, 0.0000, -0.0086, -0.0195, -0.0308;
                  0.0099, 0.0061, 0.0000, -0.0099, -0.0212, -0.0325;
                  0.0123, 0.0075, 0.0000, -0.0106, -0.0222, -0.0335;
                  0.0143, 0.0085, 0.0000, -0.0113, -0.0229, -0.0332];

    % Mach = 30
    Cmb(:,:,8) = [0.0000, 0.0000, 0.0000,  0.0000, -0.0031, -0.0086;
                  0.0000, 0.0000, 0.0000, -0.0014, -0.0055, -0.0127;
                  0.0000, 0.0000, 0.0000, -0.0028, -0.0089, -0.0168;
                  0.0007, 0.0007, 0.0000, -0.0045, -0.0120, -0.0215;
                  0.0020, 0.0020, 0.0000, -0.0062, -0.0151, -0.0253;
                  0.0044, 0.0034, 0.0000, -0.0075, -0.0174, -0.0284;
                  0.0075, 0.0051, 0.0000, -0.0086, -0.0195, -0.0308;
                  0.0099, 0.0061, 0.0000, -0.0099, -0.0212, -0.0325;
                  0.0123, 0.0075, 0.0000, -0.0106, -0.0222, -0.0335;
                  0.0143, 0.0085, 0.0000, -0.0113, -0.0229, -0.0332];

    % Mach = 40
    Cmb(:,:,9) = [0.0000, 0.0000, 0.0000,  0.0000, -0.0031, -0.0086;
                  0.0000, 0.0000, 0.0000, -0.0014, -0.0055, -0.0127;
                  0.0000, 0.0000, 0.0000, -0.0028, -0.0089, -0.0168;
                  0.0007, 0.0007, 0.0000, -0.0045, -0.0120, -0.0215;
                  0.0020, 0.0020, 0.0000, -0.0062, -0.0151, -0.0253;
                  0.0044, 0.0034, 0.0000, -0.0075, -0.0174, -0.0284;
                  0.0075, 0.0051, 0.0000, -0.0086, -0.0195, -0.0308;
                  0.0099, 0.0061, 0.0000, -0.0099, -0.0212, -0.0325;
                  0.0123, 0.0075, 0.0000, -0.0106, -0.0222, -0.0335;
                  0.0143, 0.0085, 0.0000, -0.0113, -0.0229, -0.0332];
