function res = sideforce_coefficients()
    %% Side force derivate coefficient, clean configuration
    CSb0 = [-0.0438, -0.0294, -0.0222, -0.0167, -0.0137, -0.0113, -0.0071, -0.0071, -0.0071;
            -0.0486, -0.0318, -0.0229, -0.0167, -0.0130, -0.0106, -0.0065, -0.0065, -0.0065;
            -0.0500, -0.0318, -0.0229, -0.0164, -0.0123, -0.0095, -0.0061, -0.0061, -0.0061;
            -0.0486, -0.0305, -0.0212, -0.0150, -0.0109, -0.0085, -0.0054, -0.0054, -0.0054;
            -0.0459, -0.0284, -0.0195, -0.0133, -0.0092, -0.0071, -0.0047, -0.0047, -0.0047;
            -0.0418, -0.0250, -0.0167, -0.0109, -0.0071, -0.0054, -0.0034, -0.0034, -0.0034;
            -0.0370, -0.0212, -0.0133, -0.0078, -0.0047, -0.0030, -0.0013, -0.0013, -0.0013;
            -0.0311, -0.0167, -0.0095, -0.0044, -0.0017, -0.0003,  0.0014,  0.0014,  0.0014;
            -0.0253, -0.0119, -0.0054, -0.0006,  0.0021,  0.0031,  0.0045,  0.0045,  0.0045;
            -0.0188, -0.0034, -0.0006,  0.0035,  0.0059,  0.0073,  0.0079,  0.0079,  0.0079];
    
    %% Side force derivate coefficient increment, left elevon
    CSbel = zeros(10, 9, 9);

    % Mach = 1.2
    CSbel(:,:,1) = [ 0.00084,  0.00046,  0.00019, -0.00002, 0.00000, 0.00022, 0.00050, 0.00084, 0.00129;
                     0.00050,  0.00015, -0.00006, -0.00020, 0.00000, 0.00022, 0.00053, 0.00091, 0.00140;
                     0.00022, -0.00006, -0.00026, -0.00023, 0.00000, 0.00025, 0.00060, 0.00105, 0.00150;
                    -0.00009, -0.00030, -0.00037, -0.00026, 0.00000, 0.00029, 0.00067, 0.00112, 0.00157;
                    -0.00033, -0.00051, -0.00051, -0.00030, 0.00000, 0.00032, 0.00074, 0.00119, 0.00161;
                    -0.00065, -0.00068, -0.00058, -0.00033, 0.00000, 0.00039, 0.00081, 0.00126, 0.00164;
                    -0.00085, -0.00085, -0.00068, -0.00037, 0.00000, 0.00039, 0.00084, 0.00126, 0.00157;
                    -0.00113, -0.00099, -0.00075, -0.00040, 0.00000, 0.00043, 0.00084, 0.00122, 0.00147;
                    -0.00134, -0.00113, -0.00082, -0.00047, 0.00000, 0.00043, 0.00084, 0.00112, 0.00126;
                    -0.00148, -0.00123, -0.00089, -0.00047, 0.00000, 0.00039, 0.00077, 0.00098, 0.00102];

    % Mach = 1.5
    CSbel(:,:,2) = [ 0.00050,  0.00029,  0.00015,  0.00000, 0.00000, 0.00012, 0.00029, 0.00050, 0.00077;
                     0.00032,  0.00012,  0.00001, -0.00006, 0.00000, 0.00012, 0.00032, 0.00053, 0.00084;
                     0.00015,  0.00001, -0.00009, -0.00009, 0.00000, 0.00015, 0.00036, 0.00064, 0.00095;
                     0.00001, -0.00013, -0.00016, -0.00009, 0.00000, 0.00019, 0.00043, 0.00070, 0.00102;
                    -0.00016, -0.00023, -0.00023, -0.00013, 0.00000, 0.00022, 0.00050, 0.00081, 0.00112;
                    -0.00033, -0.00037, -0.00030, -0.00016, 0.00000, 0.00025, 0.00053, 0.00084, 0.00112;
                    -0.00047, -0.00044, -0.00033, -0.00020, 0.00000, 0.00029, 0.00060, 0.00088, 0.00116;
                    -0.00061, -0.00054, -0.00047, -0.00023, 0.00000, 0.00032, 0.00060, 0.00088, 0.00109;
                    -0.00075, -0.00065, -0.00047, -0.00026, 0.00000, 0.00032, 0.00064, 0.00084, 0.00102;
                    -0.00089, -0.00071, -0.00054, -0.00026, 0.00000, 0.00032, 0.00060, 0.00077, 0.00088];

    % Mach = 2
    CSbel(:,:,3) = [ 0.00032,  0.00019,  0.00008,  0.00000, 0.00000, 0.00008, 0.00015, 0.00029, 0.00050;
                     0.00019,  0.00008, -0.00002, -0.00002, 0.00000, 0.00008, 0.00019, 0.00032, 0.00057;
                     0.00012,  0.00001, -0.00006, -0.00006, 0.00000, 0.00012, 0.00025, 0.00043, 0.00067;
                     0.00001, -0.00006, -0.00009, -0.00006, 0.00000, 0.00012, 0.00029, 0.00050, 0.00077;
                    -0.00009, -0.00013, -0.00013, -0.00009, 0.00000, 0.00015, 0.00036, 0.00060, 0.00084;
                    -0.00020, -0.00020, -0.00016, -0.00009, 0.00000, 0.00019, 0.00043, 0.00067, 0.00091;
                    -0.00026, -0.00026, -0.00020, -0.00013, 0.00000, 0.00022, 0.00046, 0.00070, 0.00095;
                    -0.00037, -0.00037, -0.00026, -0.00016, 0.00000, 0.00025, 0.00050, 0.00074, 0.00091;
                    -0.00051, -0.00044, -0.00033, -0.00020, 0.00000, 0.00029, 0.00050, 0.00074, 0.00088;
                    -0.00061, -0.00051, -0.00037, -0.00023, 0.00000, 0.00029, 0.00050, 0.00070, 0.00081];

    % Mach = 3
    CSbel(:,:,4) = [ 0.00022,  0.00008,  0.00000,  0.00000, 0.00000, 0.00000, 0.00008, 0.00019, 0.00036;
                     0.00012,  0.00001,  0.00000,  0.00000, 0.00000, 0.00000, 0.00012, 0.00022, 0.00043;
                     0.00008,  0.00000,  0.00000,  0.00000, 0.00000, 0.00008, 0.00019, 0.00036, 0.00057;
                     0.00001,  0.00000,  0.00000,  0.00000, 0.00000, 0.00012, 0.00025, 0.00043, 0.00067;
                    -0.00002, -0.00002, -0.00002, -0.00002, 0.00000, 0.00012, 0.00029, 0.00053, 0.00074;
                    -0.00009, -0.00009, -0.00009, -0.00006, 0.00000, 0.00015, 0.00036, 0.00057, 0.00081;
                    -0.00016, -0.00016, -0.00016, -0.00009, 0.00000, 0.00019, 0.00039, 0.00064, 0.00088;
                    -0.00023, -0.00023, -0.00020, -0.00013, 0.00000, 0.00022, 0.00046, 0.00067, 0.00088;
                    -0.00033, -0.00033, -0.00026, -0.00016, 0.00000, 0.00025, 0.00046, 0.00067, 0.00084;
                    -0.00047, -0.00044, -0.00033, -0.00020, 0.00000, 0.00025, 0.00050, 0.00064, 0.00077];

    % Mach = 5
    CSbel(:,:,5) = [ 0.00015,  0.00000,  0.00000,  0.00000, 0.00000, 0.00000, 0.00001, 0.00012, 0.00025;
                     0.00008,  0.00000,  0.00000,  0.00000, 0.00000, 0.00000, 0.00008, 0.00019, 0.00039;
                     0.00005,  0.00000,  0.00000,  0.00000, 0.00000, 0.00001, 0.00012, 0.00025, 0.00050;
                     0.00001,  0.00000,  0.00000,  0.00000, 0.00000, 0.00008, 0.00022, 0.00039, 0.00064;
                    -0.00002, -0.00002, -0.00002, -0.00002, 0.00000, 0.00012, 0.00025, 0.00050, 0.00070;
                    -0.00006, -0.00006, -0.00006, -0.00006, 0.00000, 0.00015, 0.00032, 0.00053, 0.00077;
                    -0.00013, -0.00013, -0.00013, -0.00009, 0.00000, 0.00019, 0.00039, 0.00060, 0.00084;
                    -0.00020, -0.00020, -0.00020, -0.00013, 0.00000, 0.00022, 0.00043, 0.00064, 0.00084;
                    -0.00030, -0.00030, -0.00026, -0.00016, 0.00000, 0.00022, 0.00046, 0.00067, 0.00081;
                    -0.00040, -0.00040, -0.00033, -0.00016, 0.00000, 0.00025, 0.00046, 0.00067, 0.00074];

    % Mach = 10
    CSbel(:,:,6) = [ 0.00012,  0.00000,  0.00000,  0.00000, 0.00000, 0.00000, 0.00001, 0.00008, 0.00025;
                     0.00008,  0.00000,  0.00000,  0.00000, 0.00000, 0.00000, 0.00005, 0.00019, 0.00036;
                     0.00001,  0.00000,  0.00000,  0.00000, 0.00000, 0.00001, 0.00012, 0.00025, 0.00046;
                     0.00000,  0.00000,  0.00000,  0.00000, 0.00000, 0.00005, 0.00019, 0.00036, 0.00060;
                    -0.00002, -0.00002, -0.00002, -0.00002, 0.00000, 0.00012, 0.00025, 0.00046, 0.00070;
                    -0.00006, -0.00006, -0.00006, -0.00006, 0.00000, 0.00015, 0.00032, 0.00057, 0.00070;
                    -0.00009, -0.00009, -0.00009, -0.00006, 0.00000, 0.00019, 0.00039, 0.00060, 0.00064;
                    -0.00020, -0.00020, -0.00020, -0.00009, 0.00000, 0.00019, 0.00043, 0.00060, 0.00060;
                    -0.00030, -0.00030, -0.00026, -0.00016, 0.00000, 0.00025, 0.00046, 0.00050, 0.00064;
                    -0.00040, -0.00040, -0.00033, -0.00016, 0.00000, 0.00025, 0.00043, 0.00039, 0.00070];
