function res = yaw_coefficients()
    %% Yaw derivative coefficient, clean configuration
    Cnb0 = [0.0092, 0.0032, 0.0002, -0.0019, -0.0033, -0.0041, -0.0039, -0.0039, -0.0039;
            0.0093, 0.0034, 0.0004, -0.0017, -0.0031, -0.0038, -0.0036, -0.0036, -0.0036;
            0.0087, 0.0032, 0.0004, -0.0016, -0.0028, -0.0035, -0.0032, -0.0032, -0.0032;
            0.0082, 0.0031, 0.0004, -0.0014, -0.0025, -0.0031, -0.0028, -0.0028, -0.0028;
            0.0073, 0.0027, 0.0003, -0.0012, -0.0022, -0.0027, -0.0023, -0.0023, -0.0023;
            0.0064, 0.0024, 0.0003, -0.0011, -0.0019, -0.0023, -0.0019, -0.0019, -0.0019;
            0.0058, 0.0021, 0.0003, -0.0009, -0.0015, -0.0020, -0.0015, -0.0015, -0.0015;
            0.0056, 0.0021, 0.0005, -0.0007, -0.0012, -0.0014, -0.0012, -0.0012, -0.0012;
            0.0048, 0.0019, 0.0005, -0.0005, -0.0010, -0.0011, -0.0009, -0.0009, -0.0009;
            0.0041, 0.0017, 0.0005, -0.0002, -0.0007, -0.0007, -0.0006, -0.0006, -0.0006];

    %% Yaw derivative coefficient increment, left rudder
    Cnbrl = zeros(10, 5, 9);

    % Mach = 1.2
    Cnbrl(:,:,1) = [0.00000, -0.00076, -0.00045, -0.00021, -0.00004;
                    0.00000, -0.00076, -0.00045, -0.00021, -0.00004;
                    0.00000, -0.00073, -0.00049, -0.00025, -0.00011;
                    0.00000, -0.00045, -0.00018,  0.00003,  0.00013;
                    0.00000,  0.00020,  0.00044,  0.00061,  0.00075;
                    0.00000,  0.00020,  0.00040,  0.00058,  0.00064;
                    0.00000,  0.00016,  0.00037,  0.00051,  0.00058;
                    0.00000,  0.00016,  0.00034,  0.00044,  0.00047;
                    0.00000,  0.00013,  0.00030,  0.00040,  0.00040;
                    0.00000,  0.00013,  0.00027,  0.00034,  0.00034];
    
    % Mach = 1.5
    Cnbrl(:,:,2) = [0.00000, -0.00032, -0.00001, 0.00023, 0.00037;
                    0.00000, -0.00032, -0.00004, 0.00020, 0.00034;
                    0.00000, -0.00032, -0.00008, 0.00016, 0.00030;
                    0.00000, -0.00015,  0.00009, 0.00030, 0.00040;
                    0.00000,  0.00020,  0.00044, 0.00061, 0.00075;
                    0.00000,  0.00020,  0.00040, 0.00058, 0.00064;
                    0.00000,  0.00016,  0.00037, 0.00051, 0.00058;
                    0.00000,  0.00016,  0.00034, 0.00044, 0.00047;
                    0.00000,  0.00013,  0.00030, 0.00040, 0.00040;
                    0.00000,  0.00013,  0.00027, 0.00034, 0.00034];

    % Mach = 2
    Cnbrl(:,:,3) = [0.00000, -0.00015, 0.00016, 0.00044, 0.00058;
                    0.00000, -0.00015, 0.00016, 0.00040, 0.00054;
                    0.00000, -0.00011, 0.00016, 0.00037, 0.00051;
                    0.00000, -0.00001, 0.00023, 0.00044, 0.00054;
                    0.00000,  0.00020, 0.00044, 0.00061, 0.00075;
                    0.00000,  0.00020, 0.00040, 0.00058, 0.00064;
                    0.00000,  0.00016, 0.00037, 0.00051, 0.00058;
                    0.00000,  0.00016, 0.00034, 0.00044, 0.00047;
                    0.00000,  0.00013, 0.00030, 0.00040, 0.00040;
                    0.00000,  0.00013, 0.00027, 0.00034, 0.00034];

    % Mach = 3
    Cnbrl(:,:,4) = [0.00000, 0.00000, 0.00034, 0.00058, 0.00075;
                    0.00000, 0.00003, 0.00030, 0.00058, 0.00068;
                    0.00000, 0.00003, 0.00030, 0.00054, 0.00064;
                    0.00000, 0.00009, 0.00034, 0.00058, 0.00068;
                    0.00000, 0.00020, 0.00044, 0.00061, 0.00075;
                    0.00000, 0.00020, 0.00040, 0.00058, 0.00064;
                    0.00000, 0.00016, 0.00037, 0.00051, 0.00058;
                    0.00000, 0.00016, 0.00034, 0.00044, 0.00047;
                    0.00000, 0.00013, 0.00030, 0.00040, 0.00040;
                    0.00000, 0.00013, 0.00027, 0.00034, 0.00034];

    % Mach = 5
    Cnbrl(:,:,5) = [0.00000, 0.00013, 0.00044, 0.00068, 0.00082;
                    0.00000, 0.00013, 0.00040, 0.00064, 0.00078;
                    0.00000, 0.00013, 0.00040, 0.00064, 0.00075;
                    0.00000, 0.00016, 0.00040, 0.00064, 0.00075;
                    0.00000, 0.00020, 0.00044, 0.00061, 0.00075;
                    0.00000, 0.00020, 0.00040, 0.00058, 0.00064;
                    0.00000, 0.00016, 0.00037, 0.00051, 0.00058;
                    0.00000, 0.00016, 0.00034, 0.00044, 0.00047;
                    0.00000, 0.00013, 0.00030, 0.00040, 0.00040;
                    0.00000, 0.00013, 0.00027, 0.00034, 0.00034];

    % Mach = 10
    Cnbrl(:,:,6) = [0.00000, 0.00016, 0.00051, 0.00075, 0.00088;
                    0.00000, 0.00020, 0.00051, 0.00075, 0.00088;
                    0.00000, 0.00020, 0.00047, 0.00071, 0.00082;
                    0.00000, 0.00020, 0.00047, 0.00068, 0.00078;
                    0.00000, 0.00020, 0.00044, 0.00061, 0.00075;
                    0.00000, 0.00020, 0.00040, 0.00058, 0.00064;
                    0.00000, 0.00016, 0.00037, 0.00051, 0.00058;
                    0.00000, 0.00016, 0.00034, 0.00044, 0.00047;
                    0.00000, 0.00013, 0.00030, 0.00040, 0.00040;
                    0.00000, 0.00013, 0.00027, 0.00034, 0.00034];

    % Mach = 20
    Cnbrl(:,:,7) = [0.00000, 0.00013, 0.00044, 0.00071, 0.00088;
                    0.00000, 0.00016, 0.00044, 0.00071, 0.00088;
                    0.00000, 0.00016, 0.00044, 0.00071, 0.00085;
                    0.00000, 0.00020, 0.00044, 0.00068, 0.00082;
                    0.00000, 0.00020, 0.00044, 0.00061, 0.00075;
                    0.00000, 0.00020, 0.00040, 0.00058, 0.00064;
                    0.00000, 0.00016, 0.00037, 0.00051, 0.00058;
                    0.00000, 0.00016, 0.00034, 0.00044, 0.00047;
                    0.00000, 0.00013, 0.00030, 0.00040, 0.00040;
                    0.00000, 0.00013, 0.00027, 0.00034, 0.00034];

    % Mach = 30
    Cnbrl(:,:,8) = [0.00000, 0.00013, 0.00044, 0.00071, 0.00088;
                    0.00000, 0.00016, 0.00044, 0.00071, 0.00088;
                    0.00000, 0.00016, 0.00044, 0.00071, 0.00085;
                    0.00000, 0.00020, 0.00044, 0.00068, 0.00082;
                    0.00000, 0.00020, 0.00044, 0.00061, 0.00075;
                    0.00000, 0.00020, 0.00040, 0.00058, 0.00064;
                    0.00000, 0.00016, 0.00037, 0.00051, 0.00058;
                    0.00000, 0.00016, 0.00034, 0.00044, 0.00047;
                    0.00000, 0.00013, 0.00030, 0.00040, 0.00040;
                    0.00000, 0.00013, 0.00027, 0.00034, 0.00034];

    % Mach = 40
    Cnbrl(:,:,9) = [0.00000, 0.00013, 0.00044, 0.00071, 0.00088;
                    0.00000, 0.00016, 0.00044, 0.00071, 0.00088;
                    0.00000, 0.00016, 0.00044, 0.00071, 0.00085;
                    0.00000, 0.00020, 0.00044, 0.00068, 0.00082;
                    0.00000, 0.00020, 0.00044, 0.00061, 0.00075;
                    0.00000, 0.00020, 0.00040, 0.00058, 0.00064;
                    0.00000, 0.00016, 0.00037, 0.00051, 0.00058;
                    0.00000, 0.00016, 0.00034, 0.00044, 0.00047;
                    0.00000, 0.00013, 0.00030, 0.00040, 0.00040;
                    0.00000, 0.00013, 0.00027, 0.00034, 0.00034];
