function Csbel = side_inc_deriv_left_elevon(AoA, delta_el, M)
    AoA_base = [0, 5, 10, 15, 20, 25, 30, 35, 40, 45]; % deg
    delta_el_base = [-40, -30, -20, -10, 0, 10, 20, 30, 40]; % deg
    M_base = [1.2, 1.5, 2, 3, 5, 10, 20];

    % Mach = 1.2
    Csbel_base = [ 0.00084,  0.00046,  0.00019, -0.00002, 0.00000, 0.00022, 0.00050, 0.00084, 0.00129;
                   0.00050,  0.00015, -0.00006, -0.00020, 0.00000, 0.00022, 0.00053, 0.00091, 0.00140;
                   0.00022, -0.00006, -0.00026, -0.00023, 0.00000, 0.00025, 0.00060, 0.00105, 0.00150;
                  -0.00009, -0.00030, -0.00037, -0.00026, 0.00000, 0.00029, 0.00067, 0.00112, 0.00157;
                  -0.00033, -0.00051, -0.00051, -0.00030, 0.00000, 0.00032, 0.00074, 0.00119, 0.00161;
                  -0.00065, -0.00068, -0.00058, -0.00033, 0.00000, 0.00039, 0.00081, 0.00126, 0.00164;
                  -0.00085, -0.00085, -0.00068, -0.00037, 0.00000, 0.00039, 0.00084, 0.00126, 0.00157;
                  -0.00113, -0.00099, -0.00075, -0.00040, 0.00000, 0.00043, 0.00084, 0.00122, 0.00147;
                  -0.00134, -0.00113, -0.00082, -0.00047, 0.00000, 0.00043, 0.00084, 0.00112, 0.00126;
                  -0.00148, -0.00123, -0.00089, -0.00047, 0.00000, 0.00039, 0.00077, 0.00098, 0.00102];

    % Mach = 1.5
    Csbel_base(:,:,2) = [ 0.00050,  0.00029,  0.00015,  0.00000, 0.00000, 0.00012, 0.00029, 0.00050, 0.00077;
                          0.00032,  0.00012,  0.00001, -0.00006, 0.00000, 0.00012, 0.00032, 0.00053, 0.00084;
                          0.00015,  0.00001, -0.00009, -0.00009, 0.00000, 0.00015, 0.00036, 0.00064, 0.00095;
                          0.00001, -0.00013, -0.00016, -0.00009, 0.00000, 0.00019, 0.00043, 0.00070, 0.00102;
                         -0.00016, -0.00023, -0.00023, -0.00013, 0.00000, 0.00022, 0.00050, 0.00081, 0.00112;
                         -0.00033, -0.00037, -0.00030, -0.00016, 0.00000, 0.00025, 0.00053, 0.00084, 0.00112;
                         -0.00047, -0.00044, -0.00033, -0.00020, 0.00000, 0.00029, 0.00060, 0.00088, 0.00116;
                         -0.00061, -0.00054, -0.00047, -0.00023, 0.00000, 0.00032, 0.00060, 0.00088, 0.00109;
                         -0.00075, -0.00065, -0.00047, -0.00026, 0.00000, 0.00032, 0.00064, 0.00084, 0.00102;
                         -0.00089, -0.00071, -0.00054, -0.00026, 0.00000, 0.00032, 0.00060, 0.00077, 0.00088];

    % Mach = 2
    Csbel_base(:,:,3) = [ 0.00032,  0.00019,  0.00008,  0.00000, 0.00000, 0.00008, 0.00015, 0.00029, 0.00050;
                          0.00019,  0.00008, -0.00002, -0.00002, 0.00000, 0.00008, 0.00019, 0.00032, 0.00057;
                          0.00012,  0.00001, -0.00006, -0.00006, 0.00000, 0.00012, 0.00025, 0.00043, 0.00067;
                          0.00001, -0.00006, -0.00009, -0.00006, 0.00000, 0.00012, 0.00029, 0.00050, 0.00077;
                         -0.00009, -0.00013, -0.00013, -0.00009, 0.00000, 0.00015, 0.00036, 0.00060, 0.00084;
                         -0.00020, -0.00020, -0.00016, -0.00009, 0.00000, 0.00019, 0.00043, 0.00067, 0.00091;
                         -0.00026, -0.00026, -0.00020, -0.00013, 0.00000, 0.00022, 0.00046, 0.00070, 0.00095;
                         -0.00037, -0.00037, -0.00026, -0.00016, 0.00000, 0.00025, 0.00050, 0.00074, 0.00091;
                         -0.00051, -0.00044, -0.00033, -0.00020, 0.00000, 0.00029, 0.00050, 0.00074, 0.00088;
                         -0.00061, -0.00051, -0.00037, -0.00023, 0.00000, 0.00029, 0.00050, 0.00070, 0.00081];

    % Mach = 3
    Csbel_base(:,:,4) = [ 0.00022,  0.00008,  0.00000,  0.00000, 0.00000, 0.00000, 0.00008, 0.00019, 0.00036;
                          0.00012,  0.00001,  0.00000,  0.00000, 0.00000, 0.00000, 0.00012, 0.00022, 0.00043;
                          0.00008,  0.00000,  0.00000,  0.00000, 0.00000, 0.00008, 0.00019, 0.00036, 0.00057;
                          0.00001,  0.00000,  0.00000,  0.00000, 0.00000, 0.00012, 0.00025, 0.00043, 0.00067;
                         -0.00002, -0.00002, -0.00002, -0.00002, 0.00000, 0.00012, 0.00029, 0.00053, 0.00074;
                         -0.00009, -0.00009, -0.00009, -0.00006, 0.00000, 0.00015, 0.00036, 0.00057, 0.00081;
                         -0.00016, -0.00016, -0.00016, -0.00009, 0.00000, 0.00019, 0.00039, 0.00064, 0.00088;
                         -0.00023, -0.00023, -0.00020, -0.00013, 0.00000, 0.00022, 0.00046, 0.00067, 0.00088;
                         -0.00033, -0.00033, -0.00026, -0.00016, 0.00000, 0.00025, 0.00046, 0.00067, 0.00084;
                         -0.00047, -0.00044, -0.00033, -0.00020, 0.00000, 0.00025, 0.00050, 0.00064, 0.00077];

    % Mach = 5
    Csbel_base(:,:,5) = [ 0.00015,  0.00000,  0.00000,  0.00000, 0.00000, 0.00000, 0.00001, 0.00012, 0.00025;
                          0.00008,  0.00000,  0.00000,  0.00000, 0.00000, 0.00000, 0.00008, 0.00019, 0.00039;
                          0.00005,  0.00000,  0.00000,  0.00000, 0.00000, 0.00001, 0.00012, 0.00025, 0.00050;
                          0.00001,  0.00000,  0.00000,  0.00000, 0.00000, 0.00008, 0.00022, 0.00039, 0.00064;
                         -0.00002, -0.00002, -0.00002, -0.00002, 0.00000, 0.00012, 0.00025, 0.00050, 0.00070;
                         -0.00006, -0.00006, -0.00006, -0.00006, 0.00000, 0.00015, 0.00032, 0.00053, 0.00077;
                         -0.00013, -0.00013, -0.00013, -0.00009, 0.00000, 0.00019, 0.00039, 0.00060, 0.00084;
                         -0.00020, -0.00020, -0.00020, -0.00013, 0.00000, 0.00022, 0.00043, 0.00064, 0.00084;
                         -0.00030, -0.00030, -0.00026, -0.00016, 0.00000, 0.00022, 0.00046, 0.00067, 0.00081;
                         -0.00040, -0.00040, -0.00033, -0.00016, 0.00000, 0.00025, 0.00046, 0.00067, 0.00074];

    % Mach = 10
    Csbel_base(:,:,6) = [ 0.00012,  0.00000,  0.00000,  0.00000, 0.00000, 0.00000, 0.00001, 0.00008, 0.00025;
                          0.00008,  0.00000,  0.00000,  0.00000, 0.00000, 0.00000, 0.00005, 0.00019, 0.00036;
                          0.00001,  0.00000,  0.00000,  0.00000, 0.00000, 0.00001, 0.00012, 0.00025, 0.00046;
                          0.00000,  0.00000,  0.00000,  0.00000, 0.00000, 0.00005, 0.00019, 0.00036, 0.00060;
                         -0.00002, -0.00002, -0.00002, -0.00002, 0.00000, 0.00012, 0.00025, 0.00046, 0.00070;
                         -0.00006, -0.00006, -0.00006, -0.00006, 0.00000, 0.00015, 0.00032, 0.00057, 0.00070;
                         -0.00009, -0.00009, -0.00009, -0.00006, 0.00000, 0.00019, 0.00039, 0.00060, 0.00064;
                         -0.00020, -0.00020, -0.00020, -0.00009, 0.00000, 0.00019, 0.00043, 0.00060, 0.00060;
                         -0.00030, -0.00030, -0.00026, -0.00016, 0.00000, 0.00025, 0.00046, 0.00050, 0.00064;
                         -0.00040, -0.00040, -0.00033, -0.00016, 0.00000, 0.00025, 0.00043, 0.00039, 0.00070];

    % Mach = 20
    Csbel_base(:,:,7) = [ 0.00012,  0.00000,  0.00000,  0.00000, 0.00000, 0.00000, 0.00001, 0.00008, 0.00022;
                          0.00008,  0.00000,  0.00000,  0.00000, 0.00000, 0.00000, 0.00005, 0.00012, 0.00032;
                          0.00005,  0.00000,  0.00000,  0.00000, 0.00000, 0.00001, 0.00008, 0.00022, 0.00043;
                          0.00001,  0.00000,  0.00000,  0.00000, 0.00000, 0.00005, 0.00015, 0.00032, 0.00057;
                          0.00000,  0.00000,  0.00000,  0.00000, 0.00000, 0.00008, 0.00022, 0.00043, 0.00067;
                         -0.00002, -0.00002, -0.00002, -0.00002, 0.00000, 0.00012, 0.00029, 0.00050, 0.00074;
                         -0.00009, -0.00009, -0.00009, -0.00006, 0.00000, 0.00015, 0.00036, 0.00057, 0.00077;
                         -0.00016, -0.00016, -0.00016, -0.00009, 0.00000, 0.00019, 0.00039, 0.00060, 0.00081;
                         -0.00023, -0.00023, -0.00023, -0.00013, 0.00000, 0.00022, 0.00043, 0.00064, 0.00081;
                         -0.00033, -0.00033, -0.00030, -0.00016, 0.00000, 0.00025, 0.00046, 0.00064, 0.00074];
